系数:

+-----------------------+-----------------------+------------------------+----------------------+-----------------------+-----------------------+
|         你好        |         中国        |         他sadf        |      耶路撒冷    |         不能        |      normal people    |
+-----------------------+-----------------------+------------------------+----------------------+-----------------------+-----------------------+
|      -0.0416576363217 |        0.388071015161 |       -0.0161735532165 |      0.0166810486345 |      0.00844512811324 |       0.0102508760233 |
|     -0.00475469582703 |     -0.00971656467323 |         0.020442692743 |       0.012354330464 |       0.0103778941007 |      0.00551356051474 |
|        0.112439363964 |        0.277082846055 |        0.0016241322215 |      0.0186014249841 |      0.00486857158433 |      0.00393396663626 |
|        0.020597951775 |       0.0557339536134 |      -0.00346909850182 |     0.00254265558292 |      0.00115855256342 |       0.0032937704524 |
+-----------------------+-----------------------+------------------------+----------------------+-----------------------+-----------------------+
平均数:
+--------------------+-------------------+--------------------+-------------------+--------------------+--------------------+
|        你好      |       中国      |       他sadf      |    耶路撒冷   |        不能      |    normal people   |
+--------------------+-------------------+--------------------+-------------------+--------------------+--------------------+
|          101.40625 |          68.63125 |          185.19375 |          162.9625 |           437.6875 |           306.0875 |
|      18.4217241379 |      8.4275862069 |      869.887586207 |     618.589655172 |      306.527586207 |      930.528275862 |
|      294.284615385 |     93.1538461538 |      443.553846154 |     912.876923077 |      286.669230769 |      265.323076923 |
|      57.0815789474 |     17.5842105263 |      47.4842105263 |     36.4631578947 |      47.5910526316 |      245.131578947 |
+--------------------+-------------------+--------------------+-------------------+--------------------+--------------------+

精确度
0.948051948051948
训练数据的混淆矩阵
+---+----+----+----+----+
|   |  1 |  2 |  3 |  4 |
+---+----+----+----+----+
| 1 | 14 |  0 |  0 |  2 |
| 2 |  0 | 27 |  0 |  2 |
| 3 |  0 |  0 | 13 |  0 |
| 4 |  0 |  0 |  0 | 19 |
+---+----+----+----+----+
测试数据的混淆矩阵
+---+----+----+----+----+
|   |  1 |  2 |  3 |  4 |
+---+----+----+----+----+
| 1 | 14 |  0 |  0 |  2 |
| 2 |  0 | 27 |  0 |  2 |
| 3 |  0 |  0 | 13 |  0 |
| 4 |  0 |  0 |  0 | 19 |
+---+----+----+----+----+